3500 6500 0.0277972 0.00196832
4500 7500 0.0318917 0.00195814
4500 8500 0.0365477 0.0018589
5500 9500 0.0384403 0.00179357
5500 10500 0.0418394 0.00180435
6500 11500 0.0394318 0.00168203
7500 12500 0.0386895 0.00164924
7500 13500 0.0430405 0.00169247
8500 14500 0.0404269 0.0016892
8500 15500 0.0416326 0.00166204
8500 16500 0.0448542 0.00169529
10500 17500 0.0395273 0.00165212
10500 18500 0.0433618 0.00166278
11500 19500 0.0430873 0.00169771
11500 20500 0.0435202 0.00167778
12500 21500 0.0456443 0.00162702
12500 22500 0.0461829 0.00159966
13500 23500 0.0452232 0.00163057
13500 24500 0.0451722 0.00162858
13500 25500 0.0464452 0.00163181
15500 26500 0.0408468 0.00159073
15500 27500 0.0435152 0.0015426
16500 28500 0.0449404 0.00156805
17500 29500 0.0481617 0.00164197
17500 30500 0.045303 0.00164693
18500 31500 0.0450768 0.00157665
17500 32500 0.0462482 0.00156184
19500 33500 0.043395 0.00169123
19500 34500 0.0468693 0.00162295
20500 35500 0.043541 0.00166142
21500 36500 0.0423889 0.00166227
21500 37500 0.0462118 0.00165155
21500 38500 0.0452666 0.00161462
21500 39500 0.0468584 0.00168933
22500 40500 0.045619 0.00158187
22500 41500 0.0475312 0.00161867
23500 42500 0.0469308 0.00167026
25500 43500 0.0409725 0.00172677
26500 44500 0.0420631 0.00159842
25500 45500 0.0449357 0.00153163
26500 46500 0.0460869 0.00162998
27500 47500 0.0418839 0.0016647
28500 48500 0.0438955 0.00167573
27500 49500 0.0451144 0.00160237
27500 50500 0.0469714 0.00165999
29500 51500 0.044573 0.00152887
29500 52500 0.0439587 0.00164707
30500 53500 0.0443503 0.00162261
30500 54500 0.047239 0.00158926
31500 55500 0.0424892 0.00174241
32500 56500 0.0422245 0.00165396
32500 57500 0.0444466 0.00155789
34500 58500 0.0438686 0.001508
33500 59500 0.0460297 0.00150148
35500 60500 0.0412099 0.00174888
35500 61500 0.0445112 0.00153788
36500 62500 0.0445033 0.00150488
35500 63500 0.0449083 0.00157745
36500 64500 0.0471081 0.00155658
37500 65500 0.0448556 0.00166138
37500 66500 0.0454128 0.00160281
39500 67500 0.038887 0.00167318
39500 68500 0.0418529 0.00150874
41500 69500 0.0391046 0.00169754
39500 70500 0.0429882 0.00165124
41500 71500 0.0399324 0.00168506
43500 72500 0.0373396 0.00162927
42500 73500 0.0420589 0.00171165
42500 74500 0.0394732 0.00174297
45500 75500 0.0378376 0.00156805
42500 76500 0.0422646 0.00154903
46500 77500 0.0412414 0.00162747
46500 78500 0.0373381 0.00150659
46500 79500 0.0370833 0.00158965
46500 80500 0.0388758 0.00160315
46500 81500 0.0406197 0.00157025
46500 82500 0.0429416 0.00153656
49500 83500 0.0377958 0.0017275
49500 84500 0.0390828 0.0017195
49500 85500 0.0389702 0.00152786
51500 86500 0.0343387 0.00184859
49500 87500 0.0395266 0.00145948
50500 88500 0.0406708 0.00174395
53500 89500 0.0351557 0.0017722
50500 90500 0.0427058 0.00155955
51500 91500 0.0410961 0.00168283
53500 92500 0.0384513 0.00168219
54500 93500 0.0384734 0.00155364
55500 94500 0.037277 0.00158196
55500 95500 0.0369937 0.00150389
55500 96500 0.038035 0.00157008
54500 97500 0.0393453 0.0015188
57500 98500 0.0353623 0.00165173
58500 99500 0.0348031 0.001409
60500 100500 0.0318283 0.00138592
58500 101500 0.0345874 0.00149255
58500 102500 0.0376223 0.00140565
61500 103500 0.0254463 0.000119415
61500 104500 0.031522 0.00176789
62500 105500 0.0312522 0.00157381
62500 106500 0.0326956 0.00151318
64500 107500 0.0282257 0.0014979
65500 108500 0.027721 0.00157931
63500 109500 0.0329544 0.00147278
66500 110500 0.0301508 0.00152364
64500 111500 0.0309333 0.00140334
66500 112500 0.0252573 0.000145456
67500 113500 0.0288129 0.00141532
70500 114500 0.0253309 0.00144272
69500 115500 0.021706 0.00159353
67500 116500 0.0282707 0.00149306
69500 117500 0.0297599 0.00147003
71500 118500 0.0240822 0.00149357
73500 119500 0.0201722 0.00150043
72500 120500 0.0249872 0.000114368
72500 121500 0.0249151 0.000113591
75500 122500 0.0193321 0.00138242
74500 123500 0.0182101 0.00127918
74500 124500 0.0250756 0.000110982
78500 125500 0.0248879 0.000108695
76500 126500 0.0249494 0.000102354
76500 127500 0.0246751 9.96841e-05
79500 128500 0.0246982 0.000140313
80500 129500 0.0143044 0.00130944
81500 130500 0.0246989 0.000128895
79500 131500 0.0181874 0.00120641
81500 132500 0.0154185 0.00125221
82500 133500 0.0146938 0.00118188
82500 134500 0.0165455 0.00120355
81500 135500 0.0174431 0.00124519
85500 136500 0.0120452 0.00132632
82500 137500 0.0166485 0.00132962
85500 138500 0.0247532 0.000138851
85500 139500 0.0145858 0.00137586
87500 140500 0.00984832 0.00134007
85500 141500 0.0145636 0.00132644
85500 142500 0.0154461 0.00132296
88500 143500 0.0109786 0.00147604
88500 144500 0.0102081 0.00169894
88500 145500 0.013111 0.0014937
89500 146500 0.0118716 0.00150203
92500 147500 0.0101884 0.00156589
92500 148500 0.000349395 0.000214936
89500 149500 0.00990333 0.00171537
93500 150500 0.000300353 0.000177141
