3500 6500 0 0.037336
4500 7500 0.109595 0.0336843
4500 8500 0.115788 0.0326878
5500 9500 0.142335 0.0312614
5500 10500 0.199629 0.0309586
6500 11500 0.167981 0.0274506
7500 12500 0.143813 0.0268351
7500 13500 0.216553 0.0274576
8500 14500 0.16391 0.0274285
8500 15500 0.177056 0.026824
8500 16500 0.226827 0.0275084
10500 17500 0.140492 0.0266712
10500 18500 0.205959 0.0265354
11500 19500 0.198565 0.027298
11500 20500 0.205901 0.0265988
12500 21500 0.236597 0.0259453
12500 22500 0.243606 0.0255509
13500 23500 0.227712 0.0260841
13500 24500 0.226743 0.0259346
13500 25500 0.245601 0.0261443
15500 26500 0.156316 0.0253988
15500 27500 0.198012 0.0246633
16500 28500 0.220671 0.0250837
17500 29500 0.272032 0.0262395
17500 30500 0.226537 0.0263275
18500 31500 0.222302 0.0251883
17500 32500 0.240834 0.0249727
19500 33500 0.196057 0.026962
19500 34500 0.250832 0.0259599
20500 35500 0.198126 0.0265087
21500 36500 0.179554 0.0265485
21500 37500 0.240057 0.0267031
21500 38500 0.224984 0.0258319
21500 39500 0.250535 0.0270197
22500 40500 0.230313 0.0253097
22500 41500 0.261084 0.0258914
23500 42500 0.251649 0.0267267
25500 43500 0.156479 0.0275682
26500 44500 0.17357 0.0255649
25500 45500 0.219465 0.0245031
26500 46500 0.237801 0.0260799
27500 47500 0.170829 0.0265725
28500 48500 0.202831 0.0264789
27500 49500 0.222281 0.0256346
27500 50500 0.252022 0.0265538
29500 51500 0.213575 0.0244618
29500 52500 0.203739 0.0263534
30500 53500 0.210015 0.0259617
30500 54500 0.256246 0.0254266
31500 55500 0.180232 0.0278789
32500 56500 0.176 0.0264633
32500 57500 0.211574 0.0249244
34500 58500 0.202312 0.0241268
33500 59500 0.236888 0.0240233
35500 60500 0.159841 0.0286037
35500 61500 0.212584 0.0246061
36500 62500 0.212466 0.0240776
35500 63500 0.218946 0.0252386
36500 64500 0.254134 0.0249571
37500 65500 0.218118 0.0265369
37500 66500 0.227018 0.0256452
39500 67500 0.122598 0.0267705
39500 68500 0.170058 0.0241401
41500 69500 0.126078 0.027563
39500 70500 0.188212 0.0264195
41500 71500 0.139322 0.0269606
43500 72500 0.0978396 0.0260502
42500 73500 0.17335 0.0273863
42500 74500 0.131972 0.0278991
45500 75500 0.10582 0.0250888
42500 76500 0.176643 0.0247846
46500 77500 0.160271 0.0265241
46500 78500 0.0977987 0.0241048
46500 79500 0.0937376 0.0254345
46500 80500 0.122415 0.025644
46500 81500 0.150334 0.0251235
46500 82500 0.187472 0.0246375
49500 83500 0.105138 0.02764
49500 84500 0.125728 0.0275119
49500 85500 0.12392 0.0244453
51500 86500 0.049828 0.0295743
49500 87500 0.132822 0.0233518
50500 88500 0.151133 0.0279035
53500 89500 0.0628945 0.0283546
50500 90500 0.183696 0.0249958
51500 91500 0.157937 0.0269251
53500 92500 0.115629 0.0269152
54500 93500 0.115996 0.0248583
55500 94500 0.0968305 0.0253111
55500 95500 0.0923117 0.0240626
55500 96500 0.108973 0.0251207
54500 97500 0.129936 0.0243058
57500 98500 0.0662167 0.0264278
58500 99500 0.0572522 0.0225436
60500 100500 0.00966036 0.0221762
58500 101500 0.0538044 0.0238816
58500 102500 0.102362 0.0224756
61500 103500 0.0366054 0.024735
61500 104500 0.00475807 0.0282443
62500 105500 0.000441497 0.0252081
62500 106500 0.0235371 0.0244401
64500 107500 -0.0479826 0.0239663
65500 108500 -0.0560614 0.0253134
63500 109500 0.027678 0.0235766
66500 110500 -0.017195 0.0243784
64500 111500 -0.00464724 0.022454
66500 112500 -0.0847667 0.0943176
67500 113500 -0.0385881 0.0226278
70500 114500 -0.094296 0.0230755
69500 115500 -0.152288 0.0254967
67500 116500 -0.0472594 0.023889
69500 117500 -0.0234355 0.0235204
71500 118500 -0.114282 0.0238971
73500 119500 -0.17684 0.0240062
72500 120500 -0.113807 0.0216672
72500 121500 -0.133478 0.0204223
75500 122500 -0.19028 0.0221288
74500 123500 -0.208233 0.0203762
74500 124500 -0.139455 0.0202541
78500 125500 -0.174152 0.0203358
76500 126500 -0.158124 0.0185584
76500 127500 -0.167921 0.0200504
79500 128500 -0.259829 0.02133
80500 129500 -0.270721 0.0209503
81500 130500 -0.247147 0.0189763
79500 131500 -0.208596 0.0193684
81500 132500 -0.252905 0.0200399
82500 133500 -0.264488 0.0189098
82500 134500 -0.23486 0.0192571
81500 135500 -0.220504 0.019979
85500 136500 -0.306872 0.0212213
82500 137500 -0.233221 0.0212738
85500 138500 -0.25829 0.0222104
85500 139500 -0.266217 0.0220137
87500 140500 -0.342021 0.021441
85500 141500 -0.266576 0.0212141
85500 142500 -0.252451 0.0211677
88500 143500 -0.323938 0.0236086
88500 144500 -0.336265 0.0271827
88500 145500 -0.289814 0.0238967
89500 146500 -0.309655 0.0240323
92500 147500 -0.33658 0.0250537
92500 148500 -0.382718 0.0242895
89500 149500 -0.341123 0.0274457
93500 150500 -0.38405 0.0258043
